52.513171737766875
52.43280365308114
52.35352237995838
52.275330552310315
52.198232242674436
52.12223307255131
52.047340344586395
51.97356320109999
51.90091281474458
51.829402618780286
51.75904858679084
51.689869574887105
51.62188774398291
51.55512908623461
51.48962408926506
51.42540858608376
51.362524860629776
51.30102311383626
51.24096345268072
51.18241866346449
51.12547820866043
51.070254227585885
51.016891024035054
50.965581117308844
50.916595031654445
50.87034461856986
50.82755142834357
50.789979926671045